1	3.5285727977752686
83	86.50763702392578
84	75.31161499023438
85	2.735107421875
86	61.829139709472656
87	1.677786111831665
88	104.65029907226562
89	12.586694717407227
90	58.1158447265625
91	20.70147705078125
92	9.115039825439453
93	88.11625671386719
94	30.91297721862793
95	59.09183883666992
96	0.0
97	3.26511549949646
98	36.27075958251953
99	74.87043762207031
100	107.7773208618164
101	13.077180862426758
102	55.8648681640625
103	15.222210884094238
104	49.59362030029297
105	3.6346662044525146
106	1.0285100936889648
107	123.74285888671875
108	79.60536193847656
109	0.49359387159347534
110	55.18587875366211
111	173.7942352294922
112	26.299203872680664
113	65.59129333496094
114	5.275392055511475
115	24.21769142150879
116	0.0
117	9.159395217895508
118	28.922571182250977
119	12.843316078186035
120	4.034590721130371
121	3.229576349258423
122	3.0100982189178467
123	0.38890522718429565
124	9.540044784545898
125	9.534473419189453
126	44.1238899230957
127	132.51902770996094
128	79.45032501220703
129	20.499187469482422
130	21.02080726623535
131	9.132041931152344
132	0.0
133	2.0132851600646973
134	1.5921423435211182
135	0.5421668291091919
136	20.917640686035156
137	51.06880569458008
138	8.022517204284668
139	47.45378875732422
140	9.411635398864746
141	36.219390869140625
142	53.41018295288086
143	141.89207458496094
144	118.7684555053711
145	0.0
146	101.27513885498047
147	37.59651565551758
148	10.461369514465332
149	77.89220428466797
150	126.35414123535156
151	76.7603530883789
152	66.16342163085938
153	25.60944175720215
154	97.06101989746094
155	149.61070251464844
156	2.7331161499023438
157	23.34796142578125
158	0.38030022382736206
159	21.537330627441406
160	0.0
161	1.3176586627960205
162	42.44971466064453
163	36.88768768310547
164	31.383974075317383
165	80.00940704345703
166	18.227872848510742
167	8.989692687988281
168	16.86256980895996
168	16.86256980895996
169	55.71120071411133
169A	170.1473388671875
170	43.0588264465332
171	21.26589584350586
172	86.59370422363281
173	103.89911651611328
174	19.93317222595215
175	3.4076085090637207
176	66.9669189453125
177	0.18935582041740417
178	15.239855766296387
179	1.5165214538574219
180	0.5901752710342407
181	0.0
182	0.0
183	2.546339511871338
184	16.184215545654297
185	5.085318565368652
186	2.9904603958129883
187	114.36398315429688
188	2.422839641571045
189	33.202659606933594
190	4.398758411407471
191	4.588848114013672
192	0.1811876893043518
193	0.544223427772522
194	0.0
195	27.389497756958008
196	37.58897399902344
197	74.21501922607422
198	64.85160064697266
199	103.89326477050781
200	10.891008377075195
201	0.0
202	42.993553161621094
203	0.0
204	35.95005416870117
205	0.0
206	30.16387367248535
207	27.8151798248291
208	100.35465240478516
209	54.01680374145508
210	108.68253326416016
211	105.48527526855469
212	51.25762939453125
213	39.68964767456055
214	81.26548767089844
215	28.503177642822266
216	117.05945587158203
217	13.595884323120117
218	66.55030822753906
219	117.07157135009766
220	87.35192108154297
221	56.56613540649414
222	38.87617492675781
223	0.0
224	37.444454193115234
225	4.448054313659668
226	0.19595448672771454
227	12.293940544128418
228	0.4425290822982788
229	7.6155242919921875
230	4.2620649337768555
231	0.675101637840271
232	6.031326770782471
233	1.2797240018844604
234	86.90241241455078
235	18.355077743530273
236	9.077574729919434
237	6.676183700561523
238	2.258694887161255
239	0.8999095559120178
240	5.213371276855469
241	1.000341534614563
242	5.101566791534424
243	0.0
244	3.647714853286743
245	45.017333984375
246	59.909793853759766
247	120.48294830322266
248	11.777098655700684
249	74.83160400390625
250	7.648345947265625
251	0.8974823951721191
252	2.1278038024902344
253	51.70045471191406
254	0.0
255	9.736856460571289
256	36.23357009887695
257	3.633000373840332
258	71.39968872070312
259	129.89329528808594
260	1.6442980766296387
261	112.43355560302734
262	35.8848762512207
263	67.96358489990234
264	72.84817504882812
265	63.65174865722656
266	63.0257682800293
267	82.56470489501953
268	9.457574844360352
269	117.83184051513672
270	4.643476963043213
271	85.68183135986328
272	81.80460357666016
273	43.093711853027344
274	0.0
275	0.2191651165485382
276	15.596942901611328
277	30.450607299804688
278	2.8539271354675293
279	0.7122313976287842
280	0.3592909574508667
281	2.763719320297241
282	1.5755459070205688
283	30.1042537689209
284	77.36555480957031
285	16.568336486816406
286	86.57817840576172
287	6.306867599487305
288	17.201641082763672
289	0.0
290	0.0
291	0.16150347888469696
292	19.716402053833008
293	0.33297640085220337
294	15.407379150390625
295	64.60523986816406
296	35.35786437988281
297	0.1582319289445877
298	0.0
299	3.4999585151672363
300	8.524249076843262
301	0.0
302	35.5664176940918
303	0.0
304	12.346795082092285
305	1.445082426071167
306	44.754154205322266
308	57.39360427856445
309	79.82276916503906
310	2.199136972427368
311	84.86286926269531
312	66.65989685058594
313	108.45024108886719
314	44.2483024597168
315	5.610827922821045
316	2.4525153636932373
317	10.41336441040039
318	6.104243755340576
319	1.6921679973602295
320	0.0
321	2.5206398963928223
322	5.961076259613037
323	10.217382431030273
324	0.8891662359237671
325	6.218132972717285
326	31.69510841369629
327	10.633708000183105
328	19.62615203857422
329	121.66686248779297
330	62.60969161987305
331	22.51314926147461
332	112.5843734741211
333	13.377935409545898
335	41.01175308227539
336	66.37419128417969
339	20.928129196166992
340	38.13056564331055
341	19.193872451782227
342	92.27552032470703
343	54.88082504272461
344	79.26129913330078
345	1.5279085636138916
346	51.708377838134766
347	113.72956085205078
347	113.72956085205078
348	1.4227529764175415
349	5.162319183349609
350	1.0194200277328491
351	0.5342134237289429
352	0.5211259126663208
353	3.4595229625701904
354	0.0
355	84.8267593383789
356	33.72596740722656
357	122.46487426757812
358	82.84660339355469
359	0.3263390064239502
360	0.0
361	8.973101615905762
362	3.8232505321502686
363	2.200587272644043
364	12.38780403137207
365	4.5993733406066895
366	49.12874221801758
367	14.004715919494629
368	46.51679992675781
369	93.16514587402344
370	21.656749725341797
371	67.13603973388672
372	8.860413551330566
373	0.0
374	2.561657428741455
375	8.347084045410156
376	0.0
377	0.0
378	55.24758529663086
379	0.4468441605567932
380	68.31925964355469
381	47.2603874206543
382	0.0
383	17.90536880493164
384	52.262210845947266
385	82.19489288330078
386	49.2589111328125
387	56.117652893066406
388	48.57810974121094
389	75.87628173828125
390	71.23814392089844
391	72.07270050048828
392	55.31015396118164
394	125.85993194580078
395	13.33850383758545
396	61.337764739990234
397	0.0
398	0.1820300817489624
399	31.123470306396484
400	95.8664321899414
401	120.34943389892578
402	49.069313049316406
403	70.16172790527344
404	0.9627995491027832
405	1.4437350034713745
406	13.358417510986328
407	2.5897927284240723
408	0.0
409	1.1675999164581299
410	0.3615726828575134
411	6.1061601638793945
412	12.395256042480469
412A	15.109004020690918
412B	33.820011138916016
412C	66.12667083740234
412D	50.9412956237793
413	46.93288803100586
414	69.30257415771484
415	70.03473663330078
416	138.2403106689453
417	19.82294464111328
418	0.41743752360343933
419	62.03196716308594
420	0.0
421	0.0
422	0.0
423	2.8643569946289062
424	0.0
425	0.0
426	0.0
427	23.20387840270996
428	23.684907913208008
429	3.3999075889587402
430	56.33076477050781
431	103.0746841430664
432	124.08820343017578
433	33.710975646972656
435	142.84634399414062
436	13.116762161254883
437	65.24518585205078
438	1.5368002653121948
439	5.310787677764893
440	0.705729603767395
441	6.122623920440674
442	2.1304330825805664
443	7.875555038452148
444	0.3435298204421997
445	0.0
446	0.19827470183372498
447	7.42714262008667
448	2.453657388687134
449	23.37384605407715
450	110.11872863769531
451	64.99028778076172
452	155.13754272460938
453	58.30738067626953
454	95.95426940917969
455	36.026859283447266
456	165.75669860839844
457	32.37616729736328
458	43.89164733886719
459	35.64324188232422
460	4.648804664611816
461	33.757957458496094
462	14.050923347473145
463	150.97177124023438
464	45.320823669433594
465	92.225341796875
466	26.379261016845703
467	105.04971313476562
468	87.46221923828125
1005	0.0
1006	90.82262420654297
